{
  "advancedEditorSelectedIdentifier" : "ShaderGraphEditorPluginID",
  "openSceneRelativePaths" : [
    "Scene.usda"
  ],
  "recentIdentifiers" : {
    "4A0D411C-C224-41C3-9ABA-842FBB2F42F6" : [

    ]
  },
  "sceneCameraHistory" : {
    "4A0D411C-C224-41C3-9ABA-842FBB2F42F6" : [
      {
        "date" : 776063852.893885,
        "title" : "Untitled",
        "transform" : [
          -0.29924333,
          4.5572584e-08,
          -0.9541768,
          0,
          -0.49566424,
          0.8544899,
          0.15544742,
          0,
          0.81533444,
          0.5194682,
          -0.25570047,
          0,
          63.199177,
          44.338478,
          -25.066652,
          1
        ]
      },
      {
        "date" : 776063846.306299,
        "title" : "Untitled",
        "transform" : [
          0.5320016,
          5.6524385e-10,
          0.84674335,
          0,
          -0.63266987,
          0.66462153,
          0.39750096,
          0,
          -0.56276387,
          -0.74718004,
          0.35357985,
          0,
          -44.589832,
          -58.72851,
          33.927578,
          1
        ]
      },
      {
        "date" : 776063841.772263,
        "title" : "Untitled",
        "transform" : [
          -0.3150607,
          -1.3326753e-08,
          0.9490715,
          0,
          0.62604594,
          0.75158125,
          0.20782669,
          0,
          -0.7133044,
          0.6596405,
          -0.23679358,
          0,
          -57.665592,
          55.41407,
          -13.868363,
          1
        ]
      },
      {
        "date" : 776063838.104318,
        "title" : "Untitled",
        "transform" : [
          -0.9671697,
          -1.6780518e-08,
          -0.2541319,
          0,
          -0.10613636,
          0.9086111,
          0.4039317,
          0,
          0.23090692,
          0.4176432,
          -0.878781,
          0,
          13.572086,
          36.237877,
          -71.351135,
          1
        ]
      },
      {
        "date" : 776021958.081744,
        "title" : "Untitled",
        "transform" : [
          0.80258685,
          7.51275e-09,
          0.59653515,
          0,
          0.28074893,
          0.8823292,
          -0.3777237,
          0,
          -0.52634037,
          0.4706328,
          0.7081459,
          0,
          -37.852093,
          40.45844,
          59.31868,
          1
        ]
      },
      {
        "date" : 776021955.071255,
        "title" : "Untitled",
        "transform" : [
          0.9998704,
          6.5453243e-09,
          -0.016101478,
          0,
          -0.007998814,
          0.86788005,
          -0.4967094,
          0,
          0.013974107,
          0.49677393,
          0.8677675,
          0,
          15.873713,
          110.40832,
          178.73187,
          1
        ]
      },
      {
        "date" : 776021864.191199,
        "title" : "Untitled",
        "transform" : [
          0.9998704,
          6.5453243e-09,
          -0.016101478,
          0,
          -0.007998815,
          0.86788017,
          -0.49670947,
          0,
          0.013974107,
          0.49677393,
          0.8677675,
          0,
          0.0061419043,
          0.042719517,
          0.069155455,
          1
        ]
      },
      {
        "date" : 776021845.665202,
        "title" : "Untitled",
        "transform" : [
          0.37414235,
          -6.2075873e-09,
          0.9273714,
          0,
          0.87243503,
          0.3390694,
          -0.3519786,
          0,
          -0.31444317,
          0.94076127,
          0.12686016,
          0,
          -0.021354306,
          0.0774088,
          0.014036613,
          1
        ]
      },
      {
        "date" : 776021837.118106,
        "title" : "Untitled",
        "transform" : [
          0.9240696,
          -8.120714e-09,
          0.38222414,
          0,
          0.17040177,
          0.8951245,
          -0.41196528,
          0,
          -0.3421382,
          0.44581637,
          0.8271573,
          0,
          -0.02272033,
          0.03864862,
          0.06808248,
          1
        ]
      },
      {
        "date" : 776021835.534489,
        "title" : "Untitled",
        "transform" : [
          0.9240696,
          -8.120714e-09,
          0.38222414,
          0,
          0.17040177,
          0.8951245,
          -0.41196528,
          0,
          -0.3421382,
          0.44581637,
          0.8271573,
          0,
          -0.044874478,
          0.076334134,
          0.13446838,
          1
        ]
      }
    ]
  },
  "sceneViewportBackgroundColors" : {

  },
  "selectedSceneRelativePath" : "Scene.usda"
}